-5.000000e+00 -5.000000e+00 0.000000e+00
5.000000e+00 -5.000000e+00 0.000000e+00
-5.000000e+00 5.000000e+00 0.000000e+00
-5.000000e+00 -5.000000e+00 0.000000e+00



5.000000e+00 5.000000e+00 0.000000e+00
5.000000e+00 -5.000000e+00 0.000000e+00
-5.000000e+00 5.000000e+00 0.000000e+00
5.000000e+00 5.000000e+00 0.000000e+00



-2.000000e+00 -2.000000e+00 4.000000e+00
2.000000e+00 -2.000000e+00 4.000000e+00
0.000000e+00 2.000000e+00 4.000000e+00
-2.000000e+00 -2.000000e+00 4.000000e+00



-2.000000e+00 -2.000000e+00 4.000000e+00
2.000000e+00 -2.000000e+00 4.000000e+00
0.000000e+00 0.000000e+00 7.000000e+00
-2.000000e+00 -2.000000e+00 4.000000e+00



-2.000000e+00 -2.000000e+00 4.000000e+00
0.000000e+00 0.000000e+00 7.000000e+00
0.000000e+00 2.000000e+00 4.000000e+00
-2.000000e+00 -2.000000e+00 4.000000e+00



0.000000e+00 0.000000e+00 7.000000e+00
2.000000e+00 -2.000000e+00 4.000000e+00
0.000000e+00 2.000000e+00 4.000000e+00
0.000000e+00 0.000000e+00 7.000000e+00






0.000000e+00 6.000000e+00 5.000000e+00
1.000000e+00 5.611486e+00 3.640200e+00



0.000000e+00 6.000000e+00 5.000000e+00
1.000000e+00 5.472731e+00 3.889959e+00



0.000000e+00 6.000000e+00 5.000000e+00
1.000000e+00 5.333975e+00 4.139718e+00



0.000000e+00 6.000000e+00 5.000000e+00
1.000000e+00 5.195220e+00 4.389477e+00



0.000000e+00 6.000000e+00 5.000000e+00
1.000000e+00 5.056465e+00 4.639237e+00



0.000000e+00 6.000000e+00 5.000000e+00
1.000000e+00 4.917710e+00 4.888996e+00



0.000000e+00 6.000000e+00 5.000000e+00
1.000000e+00 4.778955e+00 5.138755e+00



0.000000e+00 6.000000e+00 5.000000e+00
1.000000e+00 4.640200e+00 5.388514e+00



0.000000e+00 6.000000e+00 5.000000e+00
7.142857e-01 5.611486e+00 3.640200e+00



0.000000e+00 6.000000e+00 5.000000e+00
7.142857e-01 5.472731e+00 3.889959e+00



0.000000e+00 6.000000e+00 5.000000e+00
7.142857e-01 5.333975e+00 4.139718e+00



0.000000e+00 6.000000e+00 5.000000e+00
7.142857e-01 5.195220e+00 4.389477e+00



0.000000e+00 6.000000e+00 5.000000e+00
7.142857e-01 5.056465e+00 4.639237e+00



0.000000e+00 6.000000e+00 5.000000e+00
7.142857e-01 4.917710e+00 4.888996e+00



0.000000e+00 6.000000e+00 5.000000e+00
7.142857e-01 4.778955e+00 5.138755e+00



0.000000e+00 6.000000e+00 5.000000e+00
7.142857e-01 4.640200e+00 5.388514e+00



0.000000e+00 6.000000e+00 5.000000e+00
4.285714e-01 5.611486e+00 3.640200e+00



0.000000e+00 6.000000e+00 5.000000e+00
4.285714e-01 5.472731e+00 3.889959e+00



0.000000e+00 6.000000e+00 5.000000e+00
4.285714e-01 5.333975e+00 4.139718e+00



0.000000e+00 6.000000e+00 5.000000e+00
4.285714e-01 5.195220e+00 4.389477e+00



0.000000e+00 6.000000e+00 5.000000e+00
4.285714e-01 5.056465e+00 4.639237e+00



0.000000e+00 6.000000e+00 5.000000e+00
4.285714e-01 4.917710e+00 4.888996e+00



0.000000e+00 6.000000e+00 5.000000e+00
4.285714e-01 4.778955e+00 5.138755e+00



0.000000e+00 6.000000e+00 5.000000e+00
4.285714e-01 4.640200e+00 5.388514e+00



0.000000e+00 6.000000e+00 5.000000e+00
1.428571e-01 5.611486e+00 3.640200e+00



0.000000e+00 6.000000e+00 5.000000e+00
1.428571e-01 5.472731e+00 3.889959e+00



0.000000e+00 6.000000e+00 5.000000e+00
1.428571e-01 5.333975e+00 4.139718e+00



0.000000e+00 6.000000e+00 5.000000e+00
1.428571e-01 5.195220e+00 4.389477e+00



0.000000e+00 6.000000e+00 5.000000e+00
1.428571e-01 5.056465e+00 4.639237e+00



0.000000e+00 6.000000e+00 5.000000e+00
1.428571e-01 4.917710e+00 4.888996e+00



0.000000e+00 6.000000e+00 5.000000e+00
1.428571e-01 4.778955e+00 5.138755e+00



0.000000e+00 6.000000e+00 5.000000e+00
1.428571e-01 4.640200e+00 5.388514e+00



0.000000e+00 6.000000e+00 5.000000e+00
-1.428571e-01 5.611486e+00 3.640200e+00



0.000000e+00 6.000000e+00 5.000000e+00
-1.428571e-01 5.472731e+00 3.889959e+00



0.000000e+00 6.000000e+00 5.000000e+00
-1.428571e-01 5.333975e+00 4.139718e+00



0.000000e+00 6.000000e+00 5.000000e+00
-1.428571e-01 5.195220e+00 4.389477e+00



0.000000e+00 6.000000e+00 5.000000e+00
-1.428571e-01 5.056465e+00 4.639237e+00



0.000000e+00 6.000000e+00 5.000000e+00
-1.428571e-01 4.917710e+00 4.888996e+00



0.000000e+00 6.000000e+00 5.000000e+00
-1.428571e-01 4.778955e+00 5.138755e+00



0.000000e+00 6.000000e+00 5.000000e+00
-1.428571e-01 4.640200e+00 5.388514e+00



0.000000e+00 6.000000e+00 5.000000e+00
-4.285714e-01 5.611486e+00 3.640200e+00



0.000000e+00 6.000000e+00 5.000000e+00
-4.285714e-01 5.472731e+00 3.889959e+00



0.000000e+00 6.000000e+00 5.000000e+00
-4.285714e-01 5.333975e+00 4.139718e+00



0.000000e+00 6.000000e+00 5.000000e+00
-4.285714e-01 5.195220e+00 4.389477e+00



0.000000e+00 6.000000e+00 5.000000e+00
-4.285714e-01 5.056465e+00 4.639237e+00



0.000000e+00 6.000000e+00 5.000000e+00
-4.285714e-01 4.917710e+00 4.888996e+00



0.000000e+00 6.000000e+00 5.000000e+00
-4.285714e-01 4.778955e+00 5.138755e+00



0.000000e+00 6.000000e+00 5.000000e+00
-4.285714e-01 4.640200e+00 5.388514e+00



0.000000e+00 6.000000e+00 5.000000e+00
-7.142857e-01 5.611486e+00 3.640200e+00



0.000000e+00 6.000000e+00 5.000000e+00
-7.142857e-01 5.472731e+00 3.889959e+00



0.000000e+00 6.000000e+00 5.000000e+00
-7.142857e-01 5.333975e+00 4.139718e+00



0.000000e+00 6.000000e+00 5.000000e+00
-7.142857e-01 5.195220e+00 4.389477e+00



0.000000e+00 6.000000e+00 5.000000e+00
-7.142857e-01 5.056465e+00 4.639237e+00



0.000000e+00 6.000000e+00 5.000000e+00
-7.142857e-01 4.917710e+00 4.888996e+00



0.000000e+00 6.000000e+00 5.000000e+00
-7.142857e-01 4.778955e+00 5.138755e+00



0.000000e+00 6.000000e+00 5.000000e+00
-7.142857e-01 4.640200e+00 5.388514e+00



0.000000e+00 6.000000e+00 5.000000e+00
-1.000000e+00 5.611486e+00 3.640200e+00



0.000000e+00 6.000000e+00 5.000000e+00
-1.000000e+00 5.472731e+00 3.889959e+00



0.000000e+00 6.000000e+00 5.000000e+00
-1.000000e+00 5.333975e+00 4.139718e+00



0.000000e+00 6.000000e+00 5.000000e+00
-1.000000e+00 5.195220e+00 4.389477e+00



0.000000e+00 6.000000e+00 5.000000e+00
-1.000000e+00 5.056465e+00 4.639237e+00



0.000000e+00 6.000000e+00 5.000000e+00
-1.000000e+00 4.917710e+00 4.888996e+00



0.000000e+00 6.000000e+00 5.000000e+00
-1.000000e+00 4.778955e+00 5.138755e+00



0.000000e+00 6.000000e+00 5.000000e+00
-1.000000e+00 4.640200e+00 5.388514e+00



0.000000e+00 6.000000e+00 5.000000e+00
3.673940e-16 -3.000000e+00 0.000000e+00



